lastAccountName: Palshenster
timestamps:
  login: 1453899084728
  logout: 1453899081243
  lastteleport: 1453799833285
ipAddress: 127.0.0.1
afk: false
logoutlocation:
  world: Palshenster
  x: -138.62058407075102
  y: 67.0
  z: -220.19312318203305
  yaw: -72.59997
  pitch: -3.7499928
lastlocation:
  world: Palshenster
  x: -183.5
  y: 64.0
  z: -231.5
  yaw: 0.0
  pitch: 0.0
socialspy: false
